3.650000000000000000e+05 1.000000000000000000e+00
3.650000000000000000e+04 1.168572031986300885e+00
3.500000000000000000e+04 1.173189257705444577e+00
3.450000000000000000e+04 1.170138639078574405e+00
3.300000000000000000e+04 1.173857408922927004e+00
3.250000000000000000e+04 1.173552823926475863e+00
3.200000000000000000e+04 1.172985761941200300e+00
3.150000000000000000e+04 1.176419211868745762e+00
2.900000000000000000e+04 1.198070715560494826e+00
2.600000000000000000e+04 1.223271901264718187e+00
2.450000000000000000e+04 1.230808193655645200e+00
2.060000000000000000e+04 1.250704406909346478e+00
1.850000000000000000e+04 1.258421902846802221e+00
1.700000000000000000e+04 1.328850766533176353e+00
1.670000000000000000e+04 1.338257852500470912e+00
1.570000000000000000e+04 1.383886839512203926e+00
1.450000000000000000e+04 1.423708507739784412e+00
1.400000000000000000e+04 1.422905420963578083e+00
1.250000000000000000e+04 1.446298511508901985e+00
1.070000000000000000e+04 1.371876039256262780e+00
1.040000000000000000e+04 1.277388446588007209e+00
9.700000000000000000e+03 1.418378804118582082e+00
9.200000000000000000e+03 1.545684755633109253e+00
8.840000000000000000e+03 1.709228278193507533e+00
8.550000000000000000e+03 1.838165989570599734e+00
8.270000000000000000e+03 2.026528418774923512e+00
8.080000000000000000e+03 2.154617381444178026e+00
8.000000000000000000e+03 2.206643349991315617e+00
7.800000000000000000e+03 2.362685493585406693e+00
7.500000000000000000e+03 2.556006421689762220e+00
7.440000000000000000e+03 2.600682605379657897e+00
7.220000000000000000e+03 2.778394923692429241e+00
7.030000000000000000e+03 2.929932234794316859e+00
6.810000000000000000e+03 3.104456318338656651e+00
6.720000000000000000e+03 3.172407932053979085e+00
6.640000000000000000e+03 3.234405066341540014e+00
6.510000000000000000e+03 3.332457164788356074e+00
6.340000000000000000e+03 3.457567150804599532e+00
6.240000000000000000e+03 3.527329071735714194e+00
6.170000000000000000e+03 3.573610446748440861e+00
6.040000000000000000e+03 3.654737504463091646e+00
5.920000000000000000e+03 3.746683827952238754e+00
5.880000000000000000e+03 3.775533074150144053e+00
5.770000000000000000e+03 3.835915967840336283e+00
5.720000000000000000e+03 3.851282575525575069e+00
5.680000000000000000e+03 3.867110772660264928e+00
5.660000000000000000e+03 3.878449837104589903e+00
5.590000000000000000e+03 3.912482071167762143e+00
5.530000000000000000e+03 3.935244451585183434e+00
5.490000000000000000e+03 3.948293676544199826e+00
5.340000000000000000e+03 3.999378509619059496e+00
5.280000000000000000e+03 3.999703848510231197e+00
5.170000000000000000e+03 4.040613843180123510e+00
5.040000000000000000e+03 4.049602447513641401e+00
4.840000000000000000e+03 4.067184527096405766e+00
4.620000000000000000e+03 4.043054268910432292e+00
4.410000000000000000e+03 4.080343881369487669e+00
4.230000000000000000e+03 4.414920337374339532e+00
4.070000000000000000e+03 4.781186562585273414e+00
4.000000000000000000e+03 4.957092205497771076e+00
3.940000000000000000e+03 5.078431243363855430e+00
3.870000000000000000e+03 5.222015131291532164e+00
3.800000000000000000e+03 5.358963684992662735e+00
3.700000000000000000e+03 5.509321256775291609e+00
3.650000000000000000e+03 5.585571437075200762e+00
3.550000000000000000e+03 5.733967247716138971e+00
3.500000000000000000e+03 5.784545996240630039e+00
3.410000000000000000e+03 5.961736574720723603e+00
3.250000000000000000e+03 6.104933125842002539e+00
3.200000000000000000e+03 6.141527783272099583e+00
3.100000000000000000e+03 6.283111913346249189e+00
3.030000000000000000e+03 5.823463387952840797e+00
3.000000000000000000e+03 5.434036940899885870e+00
2.850000000000000000e+03 4.633955537410231251e+00
2.710000000000000000e+03 3.750252116851901629e+00
2.650000000000000000e+03 3.294014591165386197e+00
2.650000000000000000e+01 1.000000000000000000e+00
