0.000000000000000000e+00 1.000000000000000000e+00 1.800000000000000044e+00 3.200000000000000178e+00 5.599999999999999645e+00 1.000000000000000000e+01 1.780000000000000071e+01 3.160000000000000142e+01 5.620000000000000284e+01 1.000000000000000000e+02 1.778000000000000114e+02 3.161999999999999886e+02 5.623309336332957855e+02 1.000050850477211043e+03 1.778493132288493371e+03 3.162876987793147237e+03 5.624868973791862118e+03 1.000328216823952062e+04 1.778986401348332947e+04 3.163754218820825918e+04
2.260000000000000142e+01 0.000000000000000000e+00 0.000000000000000000e+00 8.000000000000000383e-04 0.000000000000000000e+00 0.000000000000000000e+00 0.000000000000000000e+00 0.000000000000000000e+00 0.000000000000000000e+00 0.000000000000000000e+00 0.000000000000000000e+00 0.000000000000000000e+00 0.000000000000000000e+00 0.000000000000000000e+00 0.000000000000000000e+00 0.000000000000000000e+00 0.000000000000000000e+00 0.000000000000000000e+00 0.000000000000000000e+00 0.000000000000000000e+00
1.600000000000000000e+01 2.000000000000000096e-04 8.000000000000000383e-04 2.099999999999999870e-03 8.000000000000000383e-04 0.000000000000000000e+00 0.000000000000000000e+00 2.399999999999999790e-03 0.000000000000000000e+00 5.199999999999999761e-03 7.700000000000000247e-03 4.300000000000000003e-03 4.300000000000000003e-03 4.300000000000000003e-03 4.300000000000000003e-03 4.300000000000000003e-03 4.300000000000000003e-03 4.300000000000000003e-03 4.300000000000000003e-03 0.000000000000000000e+00
1.130000000000000071e+01 0.000000000000000000e+00 0.000000000000000000e+00 5.000000000000000104e-04 0.000000000000000000e+00 0.000000000000000000e+00 2.599999999999999881e-03 2.399999999999999790e-03 0.000000000000000000e+00 1.460000000000000013e-02 2.580000000000000002e-02 1.346666666666666672e-02 1.346666666666666672e-02 1.346666666666666672e-02 1.346666666666666672e-02 1.346666666666666672e-02 1.346666666666666672e-02 1.346666666666666672e-02 1.346666666666666672e-02 0.000000000000000000e+00
8.000000000000000000e+00 0.000000000000000000e+00 0.000000000000000000e+00 5.000000000000000104e-04 1.199999999999999895e-03 1.799999999999999951e-03 1.700000000000000122e-03 3.900000000000000255e-03 0.000000000000000000e+00 0.000000000000000000e+00 1.669999999999999957e-02 5.566666666666666811e-03 5.566666666666666811e-03 5.566666666666666811e-03 5.566666666666666811e-03 5.566666666666666811e-03 5.566666666666666811e-03 5.566666666666666811e-03 5.566666666666666811e-03 0.000000000000000000e+00
5.700000000000000178e+00 0.000000000000000000e+00 0.000000000000000000e+00 1.100000000000000066e-03 8.000000000000000383e-04 2.500000000000000052e-03 5.600000000000000810e-03 5.300000000000000024e-03 7.800000000000000509e-03 8.399999999999999481e-03 7.700000000000000247e-03 7.966666666666665300e-03 7.966666666666665300e-03 7.966666666666665300e-03 7.966666666666665300e-03 7.966666666666665300e-03 7.966666666666665300e-03 7.966666666666665300e-03 7.966666666666665300e-03 0.000000000000000000e+00
4.000000000000000000e+00 0.000000000000000000e+00 5.999999999999999474e-04 8.000000000000000383e-04 9.399999999999998634e-03 1.810000000000000150e-02 1.850000000000000255e-02 2.589999999999999941e-02 2.759999999999999953e-02 3.130000000000000143e-02 2.270000000000000143e-02 2.720000000000000195e-02 2.720000000000000195e-02 2.720000000000000195e-02 2.720000000000000195e-02 2.720000000000000195e-02 2.720000000000000195e-02 2.720000000000000195e-02 2.720000000000000195e-02 0.000000000000000000e+00
2.799999999999999822e+00 0.000000000000000000e+00 8.000000000000000383e-04 7.800000000000000509e-03 1.379999999999999977e-02 4.230000000000000426e-02 4.980000000000000399e-02 6.640000000000000069e-02 4.740000000000000463e-02 2.680000000000000090e-02 1.469999999999999953e-02 2.963333333333333444e-02 2.963333333333333444e-02 2.963333333333333444e-02 2.963333333333333444e-02 2.963333333333333444e-02 2.963333333333333444e-02 2.963333333333333444e-02 2.963333333333333444e-02 0.000000000000000000e+00
2.000000000000000000e+00 8.000000000000000383e-04 3.400000000000000244e-03 1.250000000000000069e-02 2.000000000000000042e-02 2.799999999999999711e-02 2.609999999999999820e-02 2.529999999999999957e-02 1.870000000000000134e-02 3.610000000000000014e-02 3.959999999999999631e-02 3.146666666666666362e-02 3.146666666666666362e-02 3.146666666666666362e-02 3.146666666666666362e-02 3.146666666666666362e-02 3.146666666666666362e-02 3.146666666666666362e-02 3.146666666666666362e-02 0.000000000000000000e+00
1.399999999999999911e+00 1.199999999999999895e-03 3.599999999999999901e-03 1.409999999999999969e-02 2.630000000000000046e-02 4.510000000000000120e-02 3.500000000000000333e-02 2.899999999999999800e-02 2.460000000000000034e-02 3.000000000000000000e-02 3.400000000000000000e-02 8.200000000000000691e-03 8.200000000000000691e-03 8.200000000000000691e-03 8.200000000000000691e-03 8.200000000000000691e-03 8.200000000000000691e-03 8.200000000000000691e-03 8.200000000000000691e-03 0.000000000000000000e+00
1.000000000000000000e+00 1.199999999999999895e-03 5.199999999999999761e-03 1.269999999999999948e-02 3.150000000000000022e-02 2.049999999999999739e-02 4.499999999999999833e-02 3.700000000000000000e-02 3.080000000000000000e-02 3.040000000000000000e-02 3.270000000000000000e-02 0.000000000000000000e+00 0.000000000000000000e+00 0.000000000000000000e+00 0.000000000000000000e+00 0.000000000000000000e+00 0.000000000000000000e+00 0.000000000000000000e+00 0.000000000000000000e+00 0.000000000000000000e+00
7.071067811865480168e-01 8.000000000000000383e-04 5.799999999999999600e-03 8.300000000000000000e-03 2.490000000000000000e-02 0.000000000000000000e+00 0.000000000000000000e+00 0.000000000000000000e+00 0.000000000000000000e+00 0.000000000000000000e+00 0.000000000000000000e+00 0.000000000000000000e+00 0.000000000000000000e+00 0.000000000000000000e+00 0.000000000000000000e+00 0.000000000000000000e+00 0.000000000000000000e+00 0.000000000000000000e+00 0.000000000000000000e+00 0.000000000000000000e+00
5.000000000000000000e-01 0.000000000000000000e+00 0.000000000000000000e+00 0.000000000000000000e+00 0.000000000000000000e+00 0.000000000000000000e+00 0.000000000000000000e+00 0.000000000000000000e+00 0.000000000000000000e+00 0.000000000000000000e+00 0.000000000000000000e+00 0.000000000000000000e+00 0.000000000000000000e+00 0.000000000000000000e+00 0.000000000000000000e+00 0.000000000000000000e+00 0.000000000000000000e+00 0.000000000000000000e+00 0.000000000000000000e+00 0.000000000000000000e+00
